x y
0.0001707992 50786440
0.002489723 46095410
0.004808646 34760930
0.007127569 23884320
0.009446493 16994540
0.01176542 12599910
0.01408434 9531140
0.01640326 7255990
0.01872219 5434402
0.02104111 3892166
0.02336003 2833640
0.02567895 2390229
0.02799788 2124229
0.0303168 1732658
0.03263572 1332971
0.03495464 1019224
0.03727357 809975.3
0.03959249 678266.4
0.04191141 574839.7
0.04423033 487878.9
0.04654925 419212.8
0.04886818 364293.7
0.0511871 318533.1
0.05350602 280594.3
0.05582494 249618.7
0.05814386 224770.7
0.06046278 204648
0.0627817 187428.1
0.06510062 171735.7
0.06741954 156772.5
0.06973846 143388.7
0.07205738 132484
0.07437629 123712.4
0.07669521 116387
0.07901413 109636.7
0.08133305 103202.6
0.08365197 97421.84
0.08597088 92047.72
0.0882898 86593.18
0.09060872 81488.33
0.09292763 77353.82
0.09524655 74234.08
0.09756546 71783.32
0.09988438 69125.13
0.1022033 65985.16
0.1045222 62925.4
0.1068411 60274.57
0.10916 58108.09
0.1114789 56289
0.1137979 54607.98
0.1161168 52976.64
0.1184357 51342.98
0.1207546 49661.7
0.1230735 47993.7
0.1253924 46553.23
0.1277113 45272.3
0.1300302 43845.29
0.1323491 42509.75
0.134668 41688.4
0.136987 40942.75
0.1393059 39762.57
0.1416248 38439.75
0.1439437 37303.73
0.1462626 36422.5
0.1485815 35698.22
0.1509004 34888.67
0.1532193 34023.78
0.1555382 33306.45
0.1578571 32658.91
0.160176 31932.91
0.1624949 31233.68
0.1648138 30644.37
0.1671327 30026.72
0.1694516 29327.93
0.1717705 28670.45
0.1740894 28105.83
0.1764083 27608.31
0.1787272 27169.9
0.1810461 26768.72
0.183365 26242.39
0.1856839 25521.57
0.1880027 24978.45
0.1903216 24814.07
0.1926405 24748.58
0.1949594 24526.29
0.1972783 24003.1
0.1995972 23346.67
0.2019161 22899.81
0.204235 22710.16
0.2065539 22654.75
0.2088727 22443.6
0.2111916 21955.52
0.2135105 21557.7
0.2158294 21364.16
0.2181483 21048.4
0.2204672 20633.13
0.222786 20433.18
0.2251049 20349.96
0.2274238 20113.27
0.2297427 19748.15
0.2320616 19384.38
0.2343804 19177.4
0.2366993 19104.24
0.2390182 18830.93
0.241337 18373.85
0.2436559 18130.78
0.2459748 18071.91
0.2482937 17917.44
0.2506125 17725.33
0.2529314 17625.91
0.2552503 17495.6
0.2575691 17232.24
0.259888 16916.33
0.2622069 16715.03
0.2645257 16849.55
0.2668446 17040.01
0.2691634 16695.68
0.2714823 16183.26
0.2738012 16153.94
0.27612 16239.07
0.2784389 16018.75
0.2807577 15794.38
0.2830766 15764.62
0.2853954 15749.03
0.2877143 15646.14
0.2900331 15477.4
0.292352 15307.52
0.2946708 15201.65
0.2969897 15078.32
0.2993085 14868.17
0.3016274 14745.47
0.3039462 14794.29
0.306265 14798.98
0.3085839 14658.92
0.3109027 14468.43
0.3132216 14311.29
0.3155404 14238.99
0.3178592 14191.29
0.3201781 14087.07
0.3224969 13994.91
0.3248157 13977
0.3271346 13965.78
0.3294534 13887.15
0.3317722 13695.06
0.334091 13448.5
0.3364099 13296.8
0.3387287 13279.21
0.3410475 13352.91
0.3433663 13398.26
0.3456851 13319.26
0.348004 13191.39
0.3503228 13082.85
0.3526416 12976.48
0.3549604 12864.69
0.3572792 12765.57
0.359598 12722.36
0.3619168 12780.32
0.3642356 12865.7
0.3665544 12862.54
0.3688733 12708.37
0.3711921 12441.15
0.3735109 12309.69
0.3758297 12364.74
0.3781485 12324.83
0.3804673 12211.77
0.382786 12313.51
0.3851048 12501.41
0.3874236 12471.29
0.3897424 12300.37
0.3920612 12160.51
0.39438 12106.72
0.3966988 12115.13
0.3990176 12060.11
0.4013363 11905.68
0.4036551 11736.52
0.4059739 11696.47
0.4082927 11907.7
0.4106115 12073.07
0.4129302 11889.31
0.415249 11761.5
0.4175678 11959.35
0.4198865 12017.87
0.4222053 11771.98
0.4245241 11619.54
0.4268428 11645.77
0.4291616 11642.94
0.4314804 11605.31
0.4337991 11612.04
0.4361179 11585.32
0.4384366 11461.99
0.4407554 11374.18
0.4430741 11419.78
0.4453929 11567.81
0.4477116 11693.03
0.4500304 11606.5
0.4523491 11428.41
0.4546679 11423.77
0.4569866 11413.87
0.4593053 11184.93
0.4616241 11084.4
0.4639428 11316.08
0.4662615 11471.33
0.4685803 11371.28
0.470899 11253.27
0.4732177 11230.57
0.4755365 11284.42
0.4778552 11370.56
0.4801739 11428.9
0.4824926 11376.09
0.4848113 11204.92
0.4871301 11140.34
0.4894488 11267.98
0.4917675 11374.85
0.4940862 11357.48
0.4964049 11260.44
0.4987236 11179.92
0.5010423 11214.72
0.503361 11300.56
0.5056797 11343.57
0.5079984 11369.94
0.5103171 11396.99
0.5126358 11368.95
0.5149545 11320.78
0.5172732 11400.09
0.5195919 11504.55
0.5219105 11377.97
0.5242292 11179.82
0.5265479 11184.14
0.5288666 11253.03
0.5311853 11232.98
0.5335039 11242.37
0.5358226 11336.79
0.5381413 11404.29
0.5404599 11424.88
0.5427786 11474.96
0.5450973 11533.22
0.5474159 11531.53
0.5497346 11490.56
0.5520532 11451.59
0.5543719 11415.14
0.5566905 11392.83
0.5590092 11434.17
0.5613278 11542.15
0.5636465 11658.1
0.5659651 11732.44
0.5682838 11734.62
0.5706024 11705.5
0.572921 11703.25
0.5752397 11719.84
0.5775583 11739.61
0.5798769 11772.21
0.5821956 11805.51
0.5845142 11792.76
0.5868328 11773.95
0.5891514 11855.42
0.59147 11968.19
0.5937886 11973.9
0.5961073 11918.02
0.5984259 11884.86
0.6007445 11880.02
0.6030631 11915.75
0.6053817 12042.25
0.6077003 12183.35
0.6100189 12133.11
0.6123375 11974.17
0.6146561 11965.69
0.6169746 12111.98
0.6192932 12299.86
0.6216118 12396.7
0.6239304 12356.53
0.626249 12347.9
0.6285676 12438.82
0.6308861 12512.24
0.6332047 12525.28
0.6355233 12513.52
0.6378418 12510.78
0.6401604 12534.4
0.642479 12529.08
0.6447975 12469.42
0.6471161 12489.36
0.6494346 12635.37
0.6517532 12749.24
0.6540717 12801.36
0.6563903 12917.03
0.6587088 13098.13
0.6610274 13253.46
0.6633459 13266.57
0.6656644 13092.79
0.667983 12998.27
0.6703015 13143.99
0.67262 13291.88
0.6749385 13328.54
0.6772571 13377.59
0.6795756 13446.71
0.6818941 13452.37
0.6842126 13493.19
0.6865311 13696.21
0.6888496 13859.27
0.6911681 13821.76
0.6934866 13824.03
0.6958051 13982.06
0.6981236 14087.71
0.7004421 14076.01
0.7027606 14059.41
0.7050791 14095.92
0.7073976 14194.14
0.709716 14306.35
0.7120345 14382.93
0.714353 14445.28
0.7166715 14530.06
0.7189899 14670.5
0.7213084 14830.82
0.7236269 14893.94
0.7259453 14858.92
0.7282638 14818.15
0.7305822 14832.24
0.7329007 14926
0.7352191 15036.97
0.7375376 15097.72
0.739856 15095.82
0.7421745 15087.69
0.7444929 15218.09
0.7468113 15459.81
0.7491298 15623.06
0.7514482 15686.62
0.7537666 15729.13
0.756085 15784.65
0.7584035 15876.13
0.7607219 16045.45
0.7630403 16251.48
0.7653587 16285.51
0.7676771 16167.65
0.7699955 16200.88
0.7723139 16363.52
0.7746323 16421.18
0.7769507 16499.77
0.8627289 18267.91
0.8650472 18279.74
0.8673654 18171.91
0.8696837 18003.82
0.8720019 17846.39
0.8743202 17735.08
0.8766384 17704.57
0.8789567 17804.14
0.8812749 17954.52
0.8835932 17915.43
0.8859114 17752.33
0.8882296 17753.33
0.8905479 17800.5
0.8928661 17643.83
0.8951843 17440.21
0.8975025 17375.08
0.8998207 17357.93
0.9021389 17292.64
0.9044571 17160.29
0.9067753 17038.16
0.9090935 17070.98
0.9114117 17106.09
0.9137299 16883.5
0.9160481 16696.75
0.9183663 16852.91
0.9206845 16923
0.9230026 16628.77
0.9253208 16362.34
0.927639 16314.13
0.9299571 16305.88
0.9322753 16235.55
0.9345934 16084.82
0.9369116 15856.04
0.9392297 15587.74
0.9415479 15443.99
0.943866 15487.84
0.9461842 15416.75
0.9485023 15124.76
0.9508204 14911.73
0.9531385 14871.88
0.9554567 14861.43
0.9577748 14774.16
0.9600929 14557.98
0.962411 14308.43
0.9647291 14122.74
0.9670472 13919.39
0.9693653 13669.9
0.9716834 13525.74
0.9740015 13512.76
0.9763196 13480.54
0.9786377 13354
0.9809557 13138.27
0.9832738 12949.4
0.9855919 12897.09
0.9879099 12842.14
0.990228 12651.58
0.9925461 12380.89
0.9948641 12130.86
0.9971822 12018.11
0.9995002 11984.98
1.001818 11832.28
1.004136 11607.88
1.006454 11472.22
1.008772 11392.98
1.01109 11292.97
1.013408 11168.19
1.015726 11019.1
1.018044 10828.78
1.020362 10647.34
1.02268 10590.28
1.024998 10564.87
1.027316 10367.88
1.029634 10105.93
1.031952 9954.765
1.03427 9809.593
1.036588 9605.058
1.038906 9539.25
1.041224 9625.491
1.043542 9566.715
1.04586 9320.249
1.048178 9083.196
1.050496 8955.702
1.052814 8952.183
1.055132 8942.06
1.05745 8814.012
1.059768 8658.035
1.062086 8530.339
1.064404 8360.188
1.066722 8151.546
1.06904 7997.186
1.071358 7877.476
1.073675 7712.623
1.075993 7559.808
1.078311 7492.349
1.080629 7423.996
1.082947 7315.951
1.085265 7319.898
1.087583 7401.428
1.089901 7255.027
1.092219 6937.545
1.094536 6788.083
1.096854 6765.221
1.099172 6674.472
1.10149 6570.786
1.103808 6528.178
1.106126 6454.194
1.108444 6319.66
1.110761 6248.834
1.113079 6231.71
1.115397 6115.649
1.117715 5920.252
1.120033 5771.946
1.12235 5734.904
1.124668 5797.884
1.126986 5767.292
1.129304 5554.991
1.131622 5383.771
1.13394 5344.969
1.136257 5312.116
1.138575 5254.723
1.140893 5223.986
1.143211 5207.301
1.145528 5160.017
1.147846 5040.606
1.150164 4856.577
1.152482 4743.798
1.154799 4755.227
1.157117 4776.073
1.159435 4721.441
1.161753 4563.922
1.16407 4410.115
1.166388 4399.54
1.168706 4383
1.171024 4210.637
1.173341 4097.571
1.175659 4167.003
1.177977 4201.814
1.180294 4126.588
1.182612 4082.971
1.18493 4075.5
1.187247 4010.954
1.189565 3933.423
1.191883 3920.753
1.1942 3912.038
1.196518 3842.994
1.198836 3738.103
1.201153 3636.617
1.203471 3576.715
1.205789 3547.865
1.208106 3500.962
1.210424 3464.226
1.212742 3489.488
1.215059 3501.948
1.217377 3426.543
1.219694 3330.847
1.222012 3273.687
1.22433 3242.042
1.226647 3225.21
1.228965 3222.314
1.231282 3198.947
1.2336 3111.299
1.235918 3027.459
1.238235 3027.657
1.240553 3037.553
1.24287 2998.373
1.245188 2983.704
1.247505 3005.113
1.249823 2961.371
1.252141 2865.327
1.254458 2828.971
1.256776 2852.943
1.259093 2876.675
1.261411 2852.739
1.263728 2764.188
1.266046 2672.883
1.268363 2625.286
1.270681 2612.277
1.272998 2610.816
1.275316 2591.642
1.277633 2560.452
1.279951 2542.169
1.282268 2526.799
1.284586 2498.555
1.286903 2476.466
1.289221 2472.465
1.291538 2463.158
1.293855 2428.522
1.296173 2361.953
1.29849 2292.308
1.300808 2271.045
1.303125 2288.373
1.305443 2306.265
1.30776 2308.111
1.310077 2288.581
1.312395 2255.411
1.314712 2219.224
1.31703 2191.569
1.319347 2183.478
1.321664 2201.444
1.323982 2205.949
1.326299 2146.853
1.328617 2097.854
1.330934 2134.675
1.333251 2161.27
1.335569 2105.544
1.337886 2030.972
1.340203 1980.083
1.342521 1946.216
1.344838 1944.09
1.347155 1997.537
1.349473 2039.264
1.35179 1991.022
1.354107 1935.966
1.356425 1951.302
1.358742 1970.07
1.361059 1944.559
1.363376 1897.882
1.365694 1854.221
1.368011 1832.155
1.370328 1848.891
1.372646 1907.647
1.374963 1931.766
1.37728 1864.95
1.379597 1823.173
1.381915 1866.828
1.384232 1869.885
1.386549 1781.454
1.388866 1672.242
1.391183 1612.294
1.393501 1650.903
1.395818 1725.28
1.398135 1743.364
1.400452 1715.327
1.402769 1676.444
1.405087 1653.451
1.407404 1647.822
1.409721 1625.49
1.412038 1580.957
1.414355 1539.974
1.416673 1539.534
1.41899 1605.205
1.421307 1664.715
1.423624 1649.487
1.425941 1614.451
1.428258 1594.545
1.430575 1540.37
1.432892 1478.845
1.43521 1525.138
1.437527 1612.47
1.439844 1570.732
1.442161 1473.797
1.444478 1460.359
1.446795 1483.499
1.449112 1478.233
1.451429 1453.05
1.453746 1431.921
1.456063 1443.398
1.45838 1475.198
1.460697 1482.097
1.463014 1460.739
1.465331 1432.23
1.467648 1420.222
1.469966 1431.303
1.472283 1417.834
1.4746 1365.998
1.476917 1340.715
1.479234 1356.759
1.481551 1366.738
1.483868 1366.853
1.486185 1378.302
1.488501 1370.751
1.490818 1315.64
1.493135 1276.714
1.495452 1295.7
1.497769 1313.116
1.500086 1301.76
1.502403 1297.319
1.50472 1309.296
1.507037 1321.589
1.509354 1326.075
1.511671 1318.628
1.513988 1291.902
1.516305 1251.882
1.518622 1245.482
1.520938 1277.508
1.523255 1270.485
1.525572 1226.545
1.527889 1231.13
1.530206 1250.184
1.532523 1194.608
1.53484 1143.964
1.537156 1192.766
1.539473 1242.795
1.54179 1214.707
1.544107 1165.673
1.546424 1144.285
1.548741 1162.245
1.551057 1196.72
1.553374 1202.759
1.555691 1168.886
1.558008 1109.888
1.560325 1083.953
1.562641 1123.994
1.564958 1159.858
1.567275 1156.632
1.569592 1163.147
1.571908 1172.181
1.574225 1120.861
1.576542 1043.314
1.578859 1020.906
1.581175 1045.617
1.583492 1077.931
1.585809 1086.37
1.588125 1064.57
1.590442 1053.071
1.592759 1063.574
1.595076 1066.664
1.597392 1064.417
1.599709 1079.357
1.602026 1087.406
1.604342 1060.667
1.606659 1052.983
1.608975 1094.382
1.611292 1096.248
1.613609 1031.214
1.615925 992.9256
1.618242 1007.495
1.620559 1028.444
1.622875 1031.293
1.625192 1009.138
1.627508 971.2618
1.629825 938.8637
1.632142 953.2769
1.634458 1013.501
1.636775 1030.907
1.639091 986.5819
1.641408 952.5106
1.643724 949.6278
1.646041 957.7092
1.648357 958.1369
1.650674 939.1434
1.65299 912.8128
1.655307 895.3417
1.657623 897.5207
1.65994 916.09
1.662256 928.7153
1.664573 920.7685
1.666889 890.8973
1.669206 884.7047
1.671522 947.4571
1.673839 983.4843
1.676155 913.4581
1.678472 852.6896
1.680788 873.747
1.683105 903.6225
1.685421 903.3557
1.687737 889.4272
1.690054 872.8414
1.69237 857.872
1.694687 842.9111
1.697003 830.7438
1.699319 850.8364
1.701636 901.7575
1.703952 897.7594
1.706269 830.8098
1.708585 811.5754
1.710901 840.882
1.713218 829.1398
1.715534 795.2788
1.71785 801.184
1.720167 827.4373
1.722483 841.7474
1.724799 848.9733
1.727115 848.5244
1.729432 820.1685
1.731748 781.7043
1.734064 787.3775
1.736381 816.0845
1.738697 808.0972
1.741013 783.5985
1.743329 780.2192
1.745646 781.1399
1.747962 770.2159
1.750278 760.1905
1.752594 764.0917
1.75491 788.5325
1.757227 810.9987
1.759543 793.3433
1.761859 763.7639
1.764175 768.1925
1.766491 777.7512
1.768808 759.9679
1.771124 733.4037
1.77344 719.8244
1.775756 730.9407
1.778072 753.48
1.780388 753.3854
1.782704 736.8042
1.785021 731.4579
1.787337 739.5528
1.789653 748.4786
1.791969 728.1216
1.794285 678.4117
1.796601 667.2716
1.798917 707.3571
1.801233 734.6656
1.803549 734.1882
1.805865 729.476
1.808181 717.7593
1.810497 689.9943
1.812813 667.0328
1.815129 665.5463
1.817445 669.8269
1.819761 666.2727
1.822077 653.1729
1.824393 640.6143
1.826709 646.4082
1.829025 660.9239
1.831341 663.1357
1.833657 661.0989
1.835973 665.2234
1.838289 659.6208
1.840605 641.1627
1.842921 641.1383
1.845237 662.5156
1.847553 671.7063
1.849869 661.949
1.852185 647.2488
1.854501 637.0881
1.856817 634.8508
1.859132 627.7835
1.861448 610.6503
1.863764 606.644
1.86608 624.4731
1.868396 645.2555
1.870712 652.2646
1.873028 635.5774
1.875343 612.4067
1.877659 607.0515
1.879975 600.5765
1.882291 578.8398
1.884607 587.1717
1.886922 637.5423
1.889238 661.0659
1.891554 637.5791
1.89387 610.5552
1.896186 606.3882
1.898501 630.4568
1.900817 641.9464
1.903133 602.7955
1.905448 562.5815
1.907764 561.7029
1.91008 569.6358
1.912396 570.3393
1.914711 580.9967
1.917027 599.4749
1.919343 605.9064
1.921658 591.1397
1.923974 559.6404
1.92629 554.2827
1.928605 597.547
1.930921 617.4647
1.933237 576.6039
1.935552 527.2
1.937868 509.5168
1.940183 537.3402
1.942499 576.8861
1.944815 575.3151
1.94713 555.7374
1.949446 555.6568
1.951761 552.3152
1.954077 533.5743
1.956392 540.1057
1.958708 570.7045
1.961024 563.5501
1.963339 528.5582
1.965655 529.8644
1.96797 561.1559
1.970286 583.0962
1.972601 572.2153
1.974917 529.079
1.977232 506.7866
1.979548 527.5839
1.981863 548.7649
1.984179 547.5823
1.986494 528.0185
1.988809 496.0858
1.991125 462.1639
1.99344 460.1591
1.995756 508.3407
1.998071 539.2349
2.000386 517.9394
2.002702 514.1121
2.005017 543.7563
2.007333 542.923
2.009648 509.7095
2.011963 490.334
2.014279 496.3427
2.016594 518.7696
2.018909 533.6234
2.021225 523.063
2.02354 496.2985
2.025855 474.6656
2.028171 489.1979
2.030486 517.2206
2.032801 493.0499
2.035116 453.1725
2.037432 475.1956
2.039747 516.5657
2.042062 515.038
2.044378 485.9592
2.046693 462.2895
2.049008 478.4738
2.051323 516.5296
2.053638 502.2485
2.055954 456.6568
2.058269 460.6121
2.060584 496.4441
2.062899 512.3606
2.065214 503.0104
2.06753 479.079
2.069845 460.2
2.07216 456.3615
2.074475 461.3741
2.07679 471.9274
2.079105 486.9956
2.08142 490.2805
2.083735 465.0103
2.08605 438.8108
2.088366 441.4045
2.090681 462.3457
2.092996 480.5832
2.095311 471.2522
2.097626 449.3164
2.099941 469.6558
2.102256 511.1212
2.104571 508.8664
2.106886 476.9441
2.109201 454.6594
2.111516 446.2899
2.113831 445.4681
2.116146 441.6422
2.118461 435.2809
2.120776 442.2541
2.123091 461.1896
2.125406 475.9359
2.127721 481.8546
2.130036 480.708
2.132351 474.1074
2.134665 462.7975
2.13698 445.2718
2.139295 428.3126
2.14161 432.8326
2.143925 450.4015
2.14624 443.4818
2.148555 424.1713
2.15087 430.3112
2.153184 445.1424
2.155499 441.8133
2.157814 438.7749
2.160129 451.7613
2.162444 467.2332
2.164758 470.7423
2.167073 453.4162
2.169388 432.9931
2.171703 442.6006
2.174018 461.6099
2.176332 452.1803
2.178647 425.6826
2.180962 405.6035
2.183277 407.8511
2.185591 433.9439
2.187906 463.7123
2.190221 477.6658
2.192535 462.089
2.19485 436.9633
2.197165 435.059
2.199479 437.7011
2.201794 419.6006
2.204109 401.4646
2.206423 404.8457
2.208738 431.5109
2.211053 465.33
2.213367 472.9367
2.215682 456.7236
2.217996 444.2362
2.220311 432.6916
2.222626 411.1388
2.22494 398.8408
2.227255 410.1695
2.229569 424.5074
2.231884 427.8506
2.234198 425.5091
2.236513 423.0968
2.238827 424.3616
2.241142 427.6854
2.243456 428.2687
2.245771 421.2564
2.248085 408.3978
2.2504 413.235
2.252714 440.3022
2.255029 448.777
2.257343 425.2546
2.259657 395.57
2.261972 384.1417
2.264286 406.0951
2.266601 427.9446
2.268915 411.9728
2.271229 395.6611
2.273544 409.7279
2.275858 419.2076
2.278173 407.172
2.280487 397.5306
2.282801 395.3694
2.285116 387.47
2.28743 381.6788
2.289744 391.3891
2.292058 392.9596
2.294373 368.2279
2.296687 355.3598
2.299001 375.5827
2.301316 398.6219
2.30363 406.9732
2.305944 404.3361
2.308258 397.1966
2.310573 393.1961
2.312887 400
