0.001236 0.000000 0.000000 0.000000 0.000000 0.000000 0.000000 0.000000
0.003709 712.408987 712.408987 712.408987 712.408987 712.408987 712.408987 712.408987
0.006182 1581.872936 1581.872936 1581.872936 1581.872936 1581.872936 1581.872936 1581.872936
0.008655 2434.491874 2434.491874 2434.491874 2434.491874 2434.491874 2434.491874 2434.491874
0.011127 3084.965824 3084.965824 3084.965824 3084.965824 3084.965824 3084.965824 3084.965824
0.013600 3332.394810 3332.394810 3332.394810 3332.394810 3332.394810 3332.394810 3332.394810
0.016073 3315.378856 3315.378856 3315.378856 3315.378856 3315.378856 3315.378856 3315.378856
0.018545 3037.817983 3037.817983 3037.817983 3037.817983 3037.817983 3037.817983 3037.817983
0.021018 2602.112213 2602.112213 2602.112213 2602.112213 2602.112213 2602.112213 2602.112213
0.023491 2013.861567 2013.861567 2013.861567 2013.861567 2013.861567 2013.861567 2013.861567
0.025963 1569.566064 1569.566064 1569.566064 1569.566064 1569.566064 1569.566064 1569.566064
0.028436 1209.025725 1209.025725 1209.025725 1209.025725 1209.025725 1209.025725 1209.025725
0.030909 925.740567 925.740567 925.740567 925.740567 925.740567 925.740567 925.740567
0.033381 713.110608 713.110608 713.110608 713.110608 713.110608 713.110608 713.110608
0.035854 588.135865 588.135865 588.135865 588.135865 588.135865 588.135865 588.135865
0.038327 465.116354 465.116354 465.116354 465.116354 465.116354 465.116354 465.116354
0.040799 340.052090 340.052090 340.052090 340.052090 340.052090 340.052090 340.052090
0.043272 282.043089 282.043089 282.043089 282.043089 282.043089 282.043089 282.043089
0.045744 223.789364 223.789364 223.789364 223.789364 223.789364 223.789364 223.789364
0.048217 157.790928 157.790928 157.790928 157.790928 157.790928 157.790928 157.790928
0.050689 90.847793 90.847793 90.847793 90.847793 90.847793 90.847793 90.847793
0.053162 42.159972 42.159972 42.159972 42.159972 42.159972 42.159972 42.159972
0.055634 -38.272526 -38.272526 -38.272526 -38.272526 -38.272526 -38.272526 -38.272526
0.058106 -91.849689 -91.849689 -91.849689 -91.849689 -91.849689 -91.849689 -91.849689
0.060579 -132.271509 -132.271509 -132.271509 -132.271509 -132.271509 -132.271509 -132.271509
0.063051 -148.837978 -148.837978 -148.837978 -148.837978 -148.837978 -148.837978 -148.837978
0.065523 -145.749086 -145.749086 -145.749086 -145.749086 -145.749086 -145.749086 -145.749086
0.067996 -101.704828 -101.704828 -101.704828 -101.704828 -101.704828 -101.704828 -101.704828
0.070468 -54.005197 -54.005197 -54.005197 -54.005197 -54.005197 -54.005197 -54.005197
0.072940 -19.350188 -19.350188 -19.350188 -19.350188 -19.350188 -19.350188 -19.350188
0.075412 -1.339796 -1.339796 -1.339796 -1.339796 -1.339796 -1.339796 -1.339796
0.077884 -7.174016 -7.174016 -7.174016 -7.174016 -7.174016 -7.174016 -7.174016
0.080356 -29.452846 -29.452846 -29.452846 -29.452846 -29.452846 -29.452846 -29.452846
0.082828 -94.576283 -94.576283 -94.576283 -94.576283 -94.576283 -94.576283 -94.576283
0.085300 -94.744326 -94.744326 -94.744326 -94.744326 -94.744326 -94.744326 -94.744326
0.087772 -104.756973 -104.756973 -104.756973 -104.756973 -104.756973 -104.756973 -104.756973
0.090244 -55.414225 -55.414225 -55.414225 -55.414225 -55.414225 -55.414225 -55.414225
0.092716 -76.216081 -76.216081 -76.216081 -76.216081 -76.216081 -76.216081 -76.216081
0.095188 -11.162544 -11.162544 -11.162544 -11.162544 -11.162544 -11.162544 -11.162544
0.097660 1.646384 1.646384 1.646384 1.646384 1.646384 1.646384 1.646384
0.100131 28.010702 28.010702 28.010702 28.010702 28.010702 28.010702 28.010702
0.102603 35.730404 35.730404 35.730404 35.730404 35.730404 35.730404 35.730404
0.105074 124.805487 124.805487 124.805487 124.805487 124.805487 124.805487 124.805487
0.107546 125.735946 125.735946 125.735946 125.735946 125.735946 125.735946 125.735946
0.110017 148.621774 148.621774 148.621774 148.621774 148.621774 148.621774 148.621774
0.112489 176.462965 176.462965 176.462965 176.462965 176.462965 176.462965 176.462965
0.114960 186.159512 186.159512 186.159512 186.159512 186.159512 186.159512 186.159512
0.117431 197.011406 197.011406 197.011406 197.011406 197.011406 197.011406 197.011406
0.119903 248.418639 248.418639 248.418639 248.418639 248.418639 248.418639 248.418639
0.122374 332.081200 332.081200 332.081200 332.081200 332.081200 332.081200 332.081200
0.124845 457.199079 457.199079 457.199079 457.199079 457.199079 457.199079 457.199079
0.127316 616.872265 616.872265 616.872265 616.872265 616.872265 616.872265 616.872265
0.129787 788.300747 788.300747 788.300747 788.300747 788.300747 788.300747 788.300747
0.132258 1218.784510 1218.784510 1218.784510 1218.784510 1218.784510 1218.784510 1218.784510
0.134728 1804.823542 1804.823542 1804.823542 1804.823542 1804.823542 1804.823542 1804.823542
0.137199 2565.917829 2565.917829 2565.917829 2565.917829 2565.917829 2565.917829 2565.917829
0.139670 3334.767355 3334.767355 3334.767355 3334.767355 3334.767355 3334.767355 3334.767355
0.142140 4242.972105 4242.972105 4242.972105 4242.972105 4242.972105 4242.972105 4242.972105
0.144611 4893.332062 4893.332062 4893.332062 4893.332062 4893.332062 4893.332062 4893.332062
0.147081 5563.347209 5563.347209 5563.347209 5563.347209 5563.347209 5563.347209 5563.347209
0.149552 5807.017527 5807.017527 5807.017527 5807.017527 5807.017527 5807.017527 5807.017527
0.152022 5849.242999 5849.242999 5849.242999 5849.242999 5849.242999 5849.242999 5849.242999
0.154492 5934.623603 5934.623603 5934.623603 5934.623603 5934.623603 5934.623603 5934.623603
0.156962 6596.859321 6596.859321 6596.859321 6596.859321 6596.859321 6596.859321 6596.859321
0.159432 7365.150131 7365.150131 7365.150131 7365.150131 7365.150131 7365.150131 7365.150131
0.161902 8557.996011 8557.996011 8557.996011 8557.996011 8557.996011 8557.996011 8557.996011
0.164372 10147.896939 10147.896939 10147.896939 10147.896939 10147.896939 10147.896939 10147.896939
0.166842 11660.652891 11660.652891 11660.652891 11660.652891 11660.652891 11660.652891 11660.652891
0.169312 12847.263843 12847.263843 12847.263843 12847.263843 12847.263843 12847.263843 12847.263843
0.171781 13879.429770 13879.429770 13879.429770 13879.429770 13879.429770 13879.429770 13879.429770
0.174251 15038.150647 15038.150647 15038.150647 15038.150647 15038.150647 15038.150647 15038.150647
0.176720 15636.726447 15636.726447 15636.726447 15636.726447 15636.726447 15636.726447 15636.726447
0.179189 16196.957143 16196.957143 16196.957143 16196.957143 16196.957143 16196.957143 16196.957143
0.181659 16310.642707 16310.642707 16310.642707 16310.642707 16310.642707 16310.642707 16310.642707
0.184128 16383.183111 16383.183111 16383.183111 16383.183111 16383.183111 16383.183111 16383.183111
0.186597 16062.978325 16062.978325 16062.978325 16062.978325 16062.978325 16062.978325 16062.978325
0.189066 16079.428318 16079.428318 16079.428318 16079.428318 16079.428318 16079.428318 16079.428318
0.191534 15484.333062 15484.333062 15484.333062 15484.333062 15484.333062 15484.333062 15484.333062
0.194003 15182.292522 15182.292522 15182.292522 15182.292522 15182.292522 15182.292522 15182.292522
0.196472 14616.206668 14616.206668 14616.206668 14616.206668 14616.206668 14616.206668 14616.206668
0.198940 14043.475465 14043.475465 14043.475465 14043.475465 14043.475465 14043.475465 14043.475465
0.201409 13508.898880 13508.898880 13508.898880 13508.898880 13508.898880 13508.898880 13508.898880
0.203877 13485.276879 13485.276879 13485.276879 13485.276879 13485.276879 13485.276879 13485.276879
0.206345 13447.609426 13447.609426 13447.609426 13447.609426 13447.609426 13447.609426 13447.609426
0.208813 13538.496484 13538.496484 13538.496484 13538.496484 13538.496484 13538.496484 13538.496484
0.211281 13664.538017 13664.538017 13664.538017 13664.538017 13664.538017 13664.538017 13664.538017
0.213749 13817.633987 13817.633987 13817.633987 13817.633987 13817.633987 13817.633987 13817.633987
0.216217 14393.484355 14393.484355 14393.484355 14393.484355 14393.484355 14393.484355 14393.484355
0.218684 15704.489084 15704.489084 15704.489084 15704.489084 15704.489084 15704.489084 15704.489084
0.221152 18253.948131 18253.948131 18253.948131 18253.948131 18253.948131 18253.948131 18253.948131
0.223619 21252.561458 21252.561458 21252.561458 21252.561458 21252.561458 21252.561458 21252.561458
0.226087 24874.729022 24874.729022 24874.729022 24874.729022 24874.729022 24874.729022 24874.729022
0.228554 28507.750781 28507.750781 28507.750781 28507.750781 28507.750781 28507.750781 28507.750781
0.231021 31912.326692 31912.326692 31912.326692 31912.326692 31912.326692 31912.326692 31912.326692
0.233488 34583.556712 34583.556712 34583.556712 34583.556712 34583.556712 34583.556712 34583.556712
0.235954 37242.540797 37242.540797 37242.540797 37242.540797 37242.540797 37242.540797 37242.540797
0.238421 39655.078900 39655.078900 39655.078900 39655.078900 39655.078900 39655.078900 39655.078900
0.240888 42106.270976 42106.270976 42106.270976 42106.270976 42106.270976 42106.270976 42106.270976
0.243354 44312.216979 44312.216979 44312.216979 44312.216979 44312.216979 44312.216979 44312.216979
0.245820 45795.016861 45795.016861 45795.016861 45795.016861 45795.016861 45795.016861 45795.016861
0.248286 45796.770573 45796.770573 45796.770573 45796.770573 45796.770573 45796.770573 45796.770573
0.250752 44557.978068 44557.978068 44557.978068 44557.978068 44557.978068 44557.978068 44557.978068
0.253218 42440.639295 42440.639295 42440.639295 42440.639295 42440.639295 42440.639295 42440.639295
0.255684 39697.854203 39697.854203 39697.854203 39697.854203 39697.854203 39697.854203 39697.854203
0.258149 36722.122743 36722.122743 36722.122743 36722.122743 36722.122743 36722.122743 36722.122743
0.260615 34418.844861 34418.844861 34418.844861 34418.844861 34418.844861 34418.844861 34418.844861
0.263080 32737.920505 32737.920505 32737.920505 32737.920505 32737.920505 32737.920505 32737.920505
0.265545 30992.549622 30992.549622 30992.549622 30992.549622 30992.549622 30992.549622 30992.549622
0.268010 29032.232158 29032.232158 29032.232158 29032.232158 29032.232158 29032.232158 29032.232158
0.270475 27148.168057 27148.168057 27148.168057 27148.168057 27148.168057 27148.168057 27148.168057
0.272940 25115.557265 25115.557265 25115.557265 25115.557265 25115.557265 25115.557265 25115.557265
0.275405 22809.499724 22809.499724 22809.499724 22809.499724 22809.499724 22809.499724 22809.499724
0.277869 20619.895378 20619.895378 20619.895378 20619.895378 20619.895378 20619.895378 20619.895378
0.280333 18445.644169 18445.644169 18445.644169 18445.644169 18445.644169 18445.644169 18445.644169
0.282798 16426.846038 16426.846038 16426.846038 16426.846038 16426.846038 16426.846038 16426.846038
0.285262 14609.700927 14609.700927 14609.700927 14609.700927 14609.700927 14609.700927 14609.700927
0.287725 13162.808774 13162.808774 13162.808774 13162.808774 13162.808774 13162.808774 13162.808774
0.290189 11929.769519 11929.769519 11929.769519 11929.769519 11929.769519 11929.769519 11929.769519
0.292653 11059.283100 11059.283100 11059.283100 11059.283100 11059.283100 11059.283100 11059.283100
0.295116 10469.349456 10469.349456 10469.349456 10469.349456 10469.349456 10469.349456 10469.349456
0.297579 10136.168523 10136.168523 10136.168523 10136.168523 10136.168523 10136.168523 10136.168523
0.300042 9926.640238 9926.640238 9926.640238 9926.640238 9926.640238 9926.640238 9926.640238
0.302505 9769.364535 9769.364535 9769.364535 9769.364535 9769.364535 9769.364535 9769.364535
0.304968 9659.941350 9659.941350 9659.941350 9659.941350 9659.941350 9659.941350 9659.941350
0.307431 9471.070617 9471.070617 9471.070617 9471.070617 9471.070617 9471.070617 9471.070617
0.309893 9410.052269 9410.052269 9410.052269 9410.052269 9410.052269 9410.052269 9410.052269
0.312355 9211.686238 9211.686238 9211.686238 9211.686238 9211.686238 9211.686238 9211.686238
0.314817 9179.572457 9179.572457 9179.572457 9179.572457 9179.572457 9179.572457 9179.572457
0.317279 9185.210856 9185.210856 9185.210856 9185.210856 9185.210856 9185.210856 9185.210856
0.319741 9253.801366 9253.801366 9253.801366 9253.801366 9253.801366 9253.801366 9253.801366
0.322203 9315.143916 9315.143916 9315.143916 9315.143916 9315.143916 9315.143916 9315.143916
0.324664 9393.838436 9393.838436 9393.838436 9393.838436 9393.838436 9393.838436 9393.838436
0.327125 9491.384853 9491.384853 9491.384853 9491.384853 9491.384853 9491.384853 9491.384853
0.329586 9570.983095 9570.983095 9570.983095 9570.983095 9570.983095 9570.983095 9570.983095
0.332047 9822.233088 9822.233088 9822.233088 9822.233088 9822.233088 9822.233088 9822.233088
0.334508 10053.634759 10053.634759 10053.634759 10053.634759 10053.634759 10053.634759 10053.634759
0.336969 10591.588033 10591.588033 10591.588033 10591.588033 10591.588033 10591.588033 10591.588033
0.339429 11141.192833 11141.192833 11141.192833 11141.192833 11141.192833 11141.192833 11141.192833
0.341889 11973.349085 11973.349085 11973.349085 11973.349085 11973.349085 11973.349085 11973.349085
0.344349 12668.356711 12668.356711 12668.356711 12668.356711 12668.356711 12668.356711 12668.356711
0.346809 13542.415632 13542.415632 13542.415632 13542.415632 13542.415632 13542.415632 13542.415632
0.349269 14126.125772 14126.125772 14126.125772 14126.125772 14126.125772 14126.125772 14126.125772
0.351728 14808.687050 14808.687050 14808.687050 14808.687050 14808.687050 14808.687050 14808.687050
0.354187 15283.699387 15283.699387 15283.699387 15283.699387 15283.699387 15283.699387 15283.699387
0.356646 15999.562702 15999.562702 15999.562702 15999.562702 15999.562702 15999.562702 15999.562702
0.359105 16418.576914 16418.576914 16418.576914 16418.576914 16418.576914 16418.576914 16418.576914
0.361564 17020.641941 17020.641941 17020.641941 17020.641941 17020.641941 17020.641941 17020.641941
0.364022 17443.857700 17443.857700 17443.857700 17443.857700 17443.857700 17443.857700 17443.857700
0.366481 17959.924106 17959.924106 17959.924106 17959.924106 17959.924106 17959.924106 17959.924106
0.368939 18159.941078 18159.941078 18159.941078 18159.941078 18159.941078 18159.941078 18159.941078
0.371397 18527.108528 18527.108528 18527.108528 18527.108528 18527.108528 18527.108528 18527.108528
0.373855 18599.626372 18599.626372 18599.626372 18599.626372 18599.626372 18599.626372 18599.626372
0.376312 18702.594523 18702.594523 18702.594523 18702.594523 18702.594523 18702.594523 18702.594523
0.378769 18384.012894 18384.012894 18384.012894 18384.012894 18384.012894 18384.012894 18384.012894
0.381227 18101.981396 18101.981396 18101.981396 18101.981396 18101.981396 18101.981396 18101.981396
0.383683 17613.199943 17613.199943 17613.199943 17613.199943 17613.199943 17613.199943 17613.199943
0.386140 17224.768444 17224.768444 17224.768444 17224.768444 17224.768444 17224.768444 17224.768444
0.388597 16792.686809 16792.686809 16792.686809 16792.686809 16792.686809 16792.686809 16792.686809
0.391053 16555.754947 16555.754947 16555.754947 16555.754947 16555.754947 16555.754947 16555.754947
0.393509 16279.172767 16279.172767 16279.172767 16279.172767 16279.172767 16279.172767 16279.172767
0.395965 16047.140178 16047.140178 16047.140178 16047.140178 16047.140178 16047.140178 16047.140178
0.398421 15989.057085 15989.057085 15989.057085 15989.057085 15989.057085 15989.057085 15989.057085
0.400876 15845.423395 15845.423395 15845.423395 15845.423395 15845.423395 15845.423395 15845.423395
0.403331 15778.039015 15778.039015 15778.039015 15778.039015 15778.039015 15778.039015 15778.039015
0.405786 15828.503848 15828.503848 15828.503848 15828.503848 15828.503848 15828.503848 15828.503848
0.408241 15927.417800 15927.417800 15927.417800 15927.417800 15927.417800 15927.417800 15927.417800
0.410696 15850.480774 15850.480774 15850.480774 15850.480774 15850.480774 15850.480774 15850.480774
0.413150 16057.192672 16057.192672 16057.192672 16057.192672 16057.192672 16057.192672 16057.192672
0.415604 16756.153397 16756.153397 16756.153397 16756.153397 16756.153397 16756.153397 16756.153397
0.418058 18325.162850 18325.162850 18325.162850 18325.162850 18325.162850 18325.162850 18325.162850
0.420512 20484.920931 20484.920931 20484.920931 20484.920931 20484.920931 20484.920931 20484.920931
0.422966 23093.827542 23093.827542 23093.827542 23093.827542 23093.827542 23093.827542 23093.827542
0.425419 25820.882580 25820.882580 25820.882580 25820.882580 25820.882580 25820.882580 25820.882580
0.427872 28577.185945 28577.185945 28577.185945 28577.185945 28577.185945 28577.185945 28577.185945
0.430325 30669.237535 30669.237535 30669.237535 30669.237535 30669.237535 30669.237535 30669.237535
0.432777 32638.337246 32638.337246 32638.337246 32638.337246 32638.337246 32638.337246 32638.337246
0.435230 34604.384974 34604.384974 34604.384974 34604.384974 34604.384974 34604.384974 34604.384974
0.437682 35813.280617 35813.280617 35813.280617 35813.280617 35813.280617 35813.280617 35813.280617
0.440134 36517.224068 36517.224068 36517.224068 36517.224068 36517.224068 36517.224068 36517.224068
0.442586 36995.815222 36995.815222 36995.815222 36995.815222 36995.815222 36995.815222 36995.815222
0.445037 37287.653973 37287.653973 37287.653973 37287.653973 37287.653973 37287.653973 37287.653973
0.447488 37104.340214 37104.340214 37104.340214 37104.340214 37104.340214 37104.340214 37104.340214
0.449939 37558.373836 37558.373836 37558.373836 37558.373836 37558.373836 37558.373836 37558.373836
0.452390 38018.654731 38018.654731 38018.654731 38018.654731 38018.654731 38018.654731 38018.654731
0.454840 38584.382790 38584.382790 38584.382790 38584.382790 38584.382790 38584.382790 38584.382790
0.457291 39070.498981 39070.498981 39070.498981 39070.498981 39070.498981 39070.498981 39070.498981
0.459741 39724.005357 39724.005357 39724.005357 39724.005357 39724.005357 39724.005357 39724.005357
0.462190 40299.001331 40299.001331 40299.001331 40299.001331 40299.001331 40299.001331 40299.001331
0.464640 40908.586900 40908.586900 40908.586900 40908.586900 40908.586900 40908.586900 40908.586900
0.467089 41499.262057 41499.262057 41499.262057 41499.262057 41499.262057 41499.262057 41499.262057
0.469538 41956.226799 41956.226799 41956.226799 41956.226799 41956.226799 41956.226799 41956.226799
0.471987 42531.981120 42531.981120 42531.981120 42531.981120 42531.981120 42531.981120 42531.981120
0.474436 43198.425015 43198.425015 43198.425015 43198.425015 43198.425015 43198.425015 43198.425015
0.476884 43797.158478 43797.158478 43797.158478 43797.158478 43797.158478 43797.158478 43797.158478
0.479332 44215.481506 44215.481506 44215.481506 44215.481506 44215.481506 44215.481506 44215.481506
0.481780 44538.094093 44538.094093 44538.094093 44538.094093 44538.094093 44538.094093 44538.094093
0.484227 44267.396234 44267.396234 44267.396234 44267.396234 44267.396234 44267.396234 44267.396234
0.486675 43829.987925 43829.987925 43829.987925 43829.987925 43829.987925 43829.987925 43829.987925
0.489122 43208.669160 43208.669160 43208.669160 43208.669160 43208.669160 43208.669160 43208.669160
0.491568 42403.639935 42403.639935 42403.639935 42403.639935 42403.639935 42403.639935 42403.639935
0.494015 41458.200245 41458.200245 41458.200245 41458.200245 41458.200245 41458.200245 41458.200245
0.496461 40764.950085 40764.950085 40764.950085 40764.950085 40764.950085 40764.950085 40764.950085
0.498907 39849.589450 39849.589450 39849.589450 39849.589450 39849.589450 39849.589450 39849.589450
0.501353 39239.818336 39239.818336 39239.818336 39239.818336 39239.818336 39239.818336 39239.818336
0.503798 38463.236737 38463.236737 38463.236737 38463.236737 38463.236737 38463.236737 38463.236737
0.506244 38049.644650 38049.644650 38049.644650 38049.644650 38049.644650 38049.644650 38049.644650
0.508688 37730.842069 37730.842069 37730.842069 37730.842069 37730.842069 37730.842069 37730.842069
0.511133 37745.328991 37745.328991 37745.328991 37745.328991 37745.328991 37745.328991 37745.328991
0.513577 37901.505409 37901.505409 37901.505409 37901.505409 37901.505409 37901.505409 37901.505409
0.516022 38774.271320 38774.271320 38774.271320 38774.271320 38774.271320 38774.271320 38774.271320
0.518465 40673.126719 40673.126719 40673.126719 40673.126719 40673.126719 40673.126719 40673.126719
0.520909 43432.771601 43432.771601 43432.771601 43432.771601 43432.771601 43432.771601 43432.771601
0.523352 46663.205963 46663.205963 46663.205963 46663.205963 46663.205963 46663.205963 46663.205963
0.525795 50240.429798 50240.429798 50240.429798 50240.429798 50240.429798 50240.429798 50240.429798
0.528238 54342.143104 54342.143104 54342.143104 54342.143104 54342.143104 54342.143104 54342.143104
0.530681 57516.445875 57516.445875 57516.445875 57516.445875 57516.445875 57516.445875 57516.445875
0.533123 60454.338107 60454.338107 60454.338107 60454.338107 60454.338107 60454.338107 60454.338107
0.535565 63055.419796 63055.419796 63055.419796 63055.419796 63055.419796 63055.419796 63055.419796
0.538006 65299.890936 65299.890936 65299.890936 65299.890936 65299.890936 65299.890936 65299.890936
0.540448 66759.351525 66759.351525 66759.351525 66759.351525 66759.351525 66759.351525 66759.351525
0.542889 68551.901557 68551.901557 68551.901557 68551.901557 68551.901557 68551.901557 68551.901557
0.545330 69625.241027 69625.241027 69625.241027 69625.241027 69625.241027 69625.241027 69625.241027
0.547770 70547.169933 70547.169933 70547.169933 70547.169933 70547.169933 70547.169933 70547.169933
0.550210 71395.888269 71395.888269 71395.888269 71395.888269 71395.888269 71395.888269 71395.888269
0.552650 72025.496032 72025.496032 72025.496032 72025.496032 72025.496032 72025.496032 72025.496032
0.555090 72191.793216 72191.793216 72191.793216 72191.793216 72191.793216 72191.793216 72191.793216
0.557529 72908.979818 72908.979818 72908.979818 72908.979818 72908.979818 72908.979818 72908.979818
0.559968 73227.855833 73227.855833 73227.855833 73227.855833 73227.855833 73227.855833 73227.855833
0.562407 73038.621258 73038.621258 73038.621258 73038.621258 73038.621258 73038.621258 73038.621258
0.564845 73058.576088 73058.576088 73058.576088 73058.576088 73058.576088 73058.576088 73058.576088
0.567284 72704.720319 72704.720319 72704.720319 72704.720319 72704.720319 72704.720319 72704.720319
0.569721 71830.753946 71830.753946 71830.753946 71830.753946 71830.753946 71830.753946 71830.753946
0.572159 70972.376967 70972.376967 70972.376967 70972.376967 70972.376967 70972.376967 70972.376967
0.574596 69996.989377 69996.989377 69996.989377 69996.989377 69996.989377 69996.989377 69996.989377
0.577033 67968.191171 67968.191171 67968.191171 67968.191171 67968.191171 67968.191171 67968.191171
0.579470 64921.782346 64921.782346 64921.782346 64921.782346 64921.782346 64921.782346 64921.782346
0.581906 60295.062897 60295.062897 60295.062897 60295.062897 60295.062897 60295.062897 60295.062897
0.584342 55341.232821 55341.232821 55341.232821 55341.232821 55341.232821 55341.232821 55341.232821
0.586778 50013.192114 50013.192114 50013.192114 50013.192114 50013.192114 50013.192114 50013.192114
0.589213 45126.140772 45126.140772 45126.140772 45126.140772 45126.140772 45126.140772 45126.140772
0.591649 41200.178791 41200.178791 41200.178791 41200.178791 41200.178791 41200.178791 41200.178791
0.594083 38670.806167 38670.806167 38670.806167 38670.806167 38670.806167 38670.806167 38670.806167
0.596518 36493.322896 36493.322896 36493.322896 36493.322896 36493.322896 36493.322896 36493.322896
0.598952 35526.728974 35526.728974 35526.728974 35526.728974 35526.728974 35526.728974 35526.728974
0.601386 35612.024398 35612.024398 35612.024398 35612.024398 35612.024398 35612.024398 35612.024398
0.603820 36473.009163 36473.009163 36473.009163 36473.009163 36473.009163 36473.009163 36473.009163
0.606253 37919.883267 37919.883267 37919.883267 37919.883267 37919.883267 37919.883267 37919.883267
0.608686 39991.746704 39991.746704 39991.746704 39991.746704 39991.746704 39991.746704 39991.746704
0.611118 42026.899472 42026.899472 42026.899472 42026.899472 42026.899472 42026.899472 42026.899472
0.613551 43924.141567 43924.141567 43924.141567 43924.141567 43924.141567 43924.141567 43924.141567
0.615983 45677.672985 45677.672985 45677.672985 45677.672985 45677.672985 45677.672985 45677.672985
0.618414 47188.193722 47188.193722 47188.193722 47188.193722 47188.193722 47188.193722 47188.193722
0.620846 48167.203775 48167.203775 48167.203775 48167.203775 48167.203775 48167.203775 48167.203775
0.623277 49091.803140 49091.803140 49091.803140 49091.803140 49091.803140 49091.803140 49091.803140
0.625707 49669.091814 49669.091814 49669.091814 49669.091814 49669.091814 49669.091814 49669.091814
0.628138 49879.669792 49879.669792 49879.669792 49879.669792 49879.669792 49879.669792 49879.669792
0.630568 50113.837072 50113.837072 50113.837072 50113.837072 50113.837072 50113.837072 50113.837072
0.632998 50366.493650 50366.493650 50366.493650 50366.493650 50366.493650 50366.493650 50366.493650
0.635427 50370.139523 50370.139523 50370.139523 50370.139523 50370.139523 50370.139523 50370.139523
0.637856 50220.474686 50220.474686 50220.474686 50220.474686 50220.474686 50220.474686 50220.474686
0.640285 50135.699137 50135.699137 50135.699137 50135.699137 50135.699137 50135.699137 50135.699137
0.642713 49763.712871 49763.712871 49763.712871 49763.712871 49763.712871 49763.712871 49763.712871
0.645141 49601.915887 49601.915887 49601.915887 49601.915887 49601.915887 49601.915887 49601.915887
0.647569 49457.508179 49457.508179 49457.508179 49457.508179 49457.508179 49457.508179 49457.508179
0.649996 49093.589746 49093.589746 49093.589746 49093.589746 49093.589746 49093.589746 49093.589746
0.652423 48675.760582 48675.760582 48675.760582 48675.760582 48675.760582 48675.760582 48675.760582
0.654850 48389.920686 48389.920686 48389.920686 48389.920686 48389.920686 48389.920686 48389.920686
0.657276 48086.570054 48086.570054 48086.570054 48086.570054 48086.570054 48086.570054 48086.570054
0.659702 47454.408683 47454.408683 47454.408683 47454.408683 47454.408683 47454.408683 47454.408683
0.662128 47172.736568 47172.736568 47172.736568 47172.736568 47172.736568 47172.736568 47172.736568
0.664553 46468.753708 46468.753708 46468.753708 46468.753708 46468.753708 46468.753708 46468.753708
0.666978 45302.060099 45302.060099 45302.060099 45302.060099 45302.060099 45302.060099 45302.060099
0.669403 43177.555737 43177.555737 43177.555737 43177.555737 43177.555737 43177.555737 43177.555737
0.671827 40649.640620 40649.640620 40649.640620 40649.640620 40649.640620 40649.640620 40649.640620
0.674251 37089.514744 37089.514744 37089.514744 37089.514744 37089.514744 37089.514744 37089.514744
0.676675 33273.178107 33273.178107 33273.178107 33273.178107 33273.178107 33273.178107 33273.178107
0.679098 29465.330704 29465.330704 29465.330704 29465.330704 29465.330704 29465.330704 29465.330704
0.681521 26021.572534 26021.572534 26021.572534 26021.572534 26021.572534 26021.572534 26021.572534
0.683943 23015.403593 23015.403593 23015.403593 23015.403593 23015.403593 23015.403593 23015.403593
0.686366 20765.323877 20765.323877 20765.323877 20765.323877 20765.323877 20765.323877 20765.323877
0.688787 18900.533385 18900.533385 18900.533385 18900.533385 18900.533385 18900.533385 18900.533385
0.691209 17340.732113 17340.732113 17340.732113 17340.732113 17340.732113 17340.732113 17340.732113
0.693630 16222.620057 16222.620057 16222.620057 16222.620057 16222.620057 16222.620057 16222.620057
0.696051 15274.697216 15274.697216 15274.697216 15274.697216 15274.697216 15274.697216 15274.697216
0.698471 14392.463585 14392.463585 14392.463585 14392.463585 14392.463585 14392.463585 14392.463585
0.700891 13756.019163 13756.019163 13756.019163 13756.019163 13756.019163 13756.019163 13756.019163
0.703311 13331.163947 13331.163947 13331.163947 13331.163947 13331.163947 13331.163947 13331.163947
0.705730 12855.497932 12855.497932 12855.497932 12855.497932 12855.497932 12855.497932 12855.497932
0.708149 12355.821118 12355.821118 12355.821118 12355.821118 12355.821118 12355.821118 12355.821118
0.710568 11990.733500 11990.733500 11990.733500 11990.733500 11990.733500 11990.733500 11990.733500
0.712986 11630.035076 11630.035076 11630.035076 11630.035076 11630.035076 11630.035076 11630.035076
0.715404 11087.125844 11087.125844 11087.125844 11087.125844 11087.125844 11087.125844 11087.125844
0.717821 10591.405800 10591.405800 10591.405800 10591.405800 10591.405800 10591.405800 10591.405800
0.720238 9973.774942 9973.774942 9973.774942 9973.774942 9973.774942 9973.774942 9973.774942
0.722655 9363.033267 9363.033267 9363.033267 9363.033267 9363.033267 9363.033267 9363.033267
0.725071 8705.080773 8705.080773 8705.080773 8705.080773 8705.080773 8705.080773 8705.080773
0.727487 8235.617456 8235.617456 8235.617456 8235.617456 8235.617456 8235.617456 8235.617456
0.729903 7768.443315 7768.443315 7768.443315 7768.443315 7768.443315 7768.443315 7768.443315
0.732318 7471.258346 7471.258346 7471.258346 7471.258346 7471.258346 7471.258346 7471.258346
0.734733 7133.962547 7133.962547 7133.962547 7133.962547 7133.962547 7133.962547 7133.962547
0.737147 6853.555915 6853.555915 6853.555915 6853.555915 6853.555915 6853.555915 6853.555915
0.739561 6628.238449 6628.238449 6628.238449 6628.238449 6628.238449 6628.238449 6628.238449
0.741975 6322.210144 6322.210144 6322.210144 6322.210144 6322.210144 6322.210144 6322.210144
0.744388 6138.270999 6138.270999 6138.270999 6138.270999 6138.270999 6138.270999 6138.270999
0.746801 5939.221012 5939.221012 5939.221012 5939.221012 5939.221012 5939.221012 5939.221012
0.749214 5750.460180 5750.460180 5750.460180 5750.460180 5750.460180 5750.460180 5750.460180
0.751626 5461.088500 5461.088500 5461.088500 5461.088500 5461.088500 5461.088500 5461.088500
0.754038 5266.605970 5266.605970 5266.605970 5266.605970 5266.605970 5266.605970 5266.605970
0.756449 5017.812588 5017.812588 5017.812588 5017.812588 5017.812588 5017.812588 5017.812588
0.758860 4749.108351 4749.108351 4749.108351 4749.108351 4749.108351 4749.108351 4749.108351
0.761271 4565.893256 4565.893256 4565.893256 4565.893256 4565.893256 4565.893256 4565.893256
0.763681 4382.567303 4382.567303 4382.567303 4382.567303 4382.567303 4382.567303 4382.567303
0.766091 4177.830488 4177.830488 4177.830488 4177.830488 4177.830488 4177.830488 4177.830488
0.768500 3895.882809 3895.882809 3895.882809 3895.882809 3895.882809 3895.882809 3895.882809
0.770909 3641.424263 3641.424263 3641.424263 3641.424263 3641.424263 3641.424263 3641.424263
0.773318 3377.454849 3377.454849 3377.454849 3377.454849 3377.454849 3377.454849 3377.454849
0.775726 3176.174565 3176.174565 3176.174565 3176.174565 3176.174565 3176.174565 3176.174565
0.778134 2965.883408 2965.883408 2965.883408 2965.883408 2965.883408 2965.883408 2965.883408
0.780541 2748.581375 2748.581375 2748.581375 2748.581375 2748.581375 2748.581375 2748.581375
0.782949 2622.368465 2622.368465 2622.368465 2622.368465 2622.368465 2622.368465 2622.368465
0.785355 2492.144676 2492.144676 2492.144676 2492.144676 2492.144676 2492.144676 2492.144676
0.787761 2309.210006 2309.210006 2309.210006 2309.210006 2309.210006 2309.210006 2309.210006
0.790167 2146.464452 2146.464452 2146.464452 2146.464452 2146.464452 2146.464452 2146.464452
0.792573 2030.308013 2030.308013 2030.308013 2030.308013 2030.308013 2030.308013 2030.308013
0.794978 1920.040685 1920.040685 1920.040685 1920.040685 1920.040685 1920.040685 1920.040685
0.797382 1762.262469 1762.262469 1762.262469 1762.262469 1762.262469 1762.262469 1762.262469
0.799786 1638.173360 1638.173360 1638.173360 1638.173360 1638.173360 1638.173360 1638.173360
0.802190 1457.673358 1457.673358 1457.673358 1457.673358 1457.673358 1457.673358 1457.673358
0.804594 1349.862461 1349.862461 1349.862461 1349.862461 1349.862461 1349.862461 1349.862461
0.806997 1193.940666 1193.940666 1193.940666 1193.940666 1193.940666 1193.940666 1193.940666
0.809399 1029.207972 1029.207972 1029.207972 1029.207972 1029.207972 1029.207972 1029.207972
0.811801 922.964376 922.964376 922.964376 922.964376 922.964376 922.964376 922.964376
0.814203 875.209877 875.209877 875.209877 875.209877 875.209877 875.209877 875.209877
0.816604 776.144474 776.144474 776.144474 776.144474 776.144474 776.144474 776.144474
0.819005 653.768163 653.768163 653.768163 653.768163 653.768163 653.768163 653.768163
0.821406 567.980944 567.980944 567.980944 567.980944 567.980944 567.980944 567.980944
0.823806 412.782814 412.782814 412.782814 412.782814 412.782814 412.782814 412.782814
0.826205 275.573773 275.573773 275.573773 275.573773 275.573773 275.573773 275.573773
0.828605 132.553817 132.553817 132.553817 132.553817 132.553817 132.553817 132.553817
0.831003 76.822946 76.822946 76.822946 76.822946 76.822946 76.822946 76.822946
0.833402 4.881158 4.881158 4.881158 4.881158 4.881158 4.881158 4.881158
0.835800 -49.471549 -49.471549 -49.471549 -49.471549 -49.471549 -49.471549 -49.471549
0.838197 -118.235177 -118.235177 -118.235177 -118.235177 -118.235177 -118.235177 -118.235177
0.840594 -159.909727 -159.909727 -159.909727 -159.909727 -159.909727 -159.909727 -159.909727
0.842991 -258.495201 -258.495201 -258.495201 -258.495201 -258.495201 -258.495201 -258.495201
0.845387 -323.291600 -323.291600 -323.291600 -323.291600 -323.291600 -323.291600 -323.291600
0.847783 -377.498926 -377.498926 -377.498926 -377.498926 -377.498926 -377.498926 -377.498926
0.850178 -419.317181 -419.317181 -419.317181 -419.317181 -419.317181 -419.317181 -419.317181
0.852573 -494.846365 -494.846365 -494.846365 -494.846365 -494.846365 -494.846365 -494.846365
0.854968 -530.986482 -530.986482 -530.986482 -530.986482 -530.986482 -530.986482 -530.986482
0.857362 -612.637531 -612.637531 -612.637531 -612.637531 -612.637531 -612.637531 -612.637531
0.859755 -718.099514 -718.099514 -718.099514 -718.099514 -718.099514 -718.099514 -718.099514
0.862149 -817.372433 -817.372433 -817.372433 -817.372433 -817.372433 -817.372433 -817.372433
0.864541 -908.856290 -908.856290 -908.856290 -908.856290 -908.856290 -908.856290 -908.856290
0.866934 -1005.951085 -1005.951085 -1005.951085 -1005.951085 -1005.951085 -1005.951085 -1005.951085
0.869325 -1086.156821 -1086.156821 -1086.156821 -1086.156821 -1086.156821 -1086.156821 -1086.156821
0.871717 -1150.073497 -1150.073497 -1150.073497 -1150.073497 -1150.073497 -1150.073497 -1150.073497
0.874108 -1223.701117 -1223.701117 -1223.701117 -1223.701117 -1223.701117 -1223.701117 -1223.701117
0.876498 -1290.739680 -1290.739680 -1290.739680 -1290.739680 -1290.739680 -1290.739680 -1290.739680
0.878888 -1368.089189 -1368.089189 -1368.089189 -1368.089189 -1368.089189 -1368.089189 -1368.089189
0.881278 -1440.049644 -1440.049644 -1440.049644 -1440.049644 -1440.049644 -1440.049644 -1440.049644
0.883667 -1516.021047 -1516.021047 -1516.021047 -1516.021047 -1516.021047 -1516.021047 -1516.021047
0.886056 -1575.903399 -1575.903399 -1575.903399 -1575.903399 -1575.903399 -1575.903399 -1575.903399
0.888444 -1615.096701 -1615.096701 -1615.096701 -1615.096701 -1615.096701 -1615.096701 -1615.096701
0.890832 -1643.700954 -1643.700954 -1643.700954 -1643.700954 -1643.700954 -1643.700954 -1643.700954
0.893220 -1657.916160 -1657.916160 -1657.916160 -1657.916160 -1657.916160 -1657.916160 -1657.916160
0.895607 -1654.342320 -1654.342320 -1654.342320 -1654.342320 -1654.342320 -1654.342320 -1654.342320
0.897993 -1641.179434 -1641.179434 -1641.179434 -1641.179434 -1641.179434 -1641.179434 -1641.179434
0.900379 -1628.027505 -1628.027505 -1628.027505 -1628.027505 -1628.027505 -1628.027505 -1628.027505
0.902765 -1614.886532 -1614.886532 -1614.886532 -1614.886532 -1614.886532 -1614.886532 -1614.886532
0.905150 -1601.756517 -1601.756517 -1601.756517 -1601.756517 -1601.756517 -1601.756517 -1601.756517
0.907534 -1588.637461 -1588.637461 -1588.637461 -1588.637461 -1588.637461 -1588.637461 -1588.637461
0.909919 -1575.529365 -1575.529365 -1575.529365 -1575.529365 -1575.529365 -1575.529365 -1575.529365
0.912302 -1562.432230 -1562.432230 -1562.432230 -1562.432230 -1562.432230 -1562.432230 -1562.432230
0.914686 -1549.346057 -1549.346057 -1549.346057 -1549.346057 -1549.346057 -1549.346057 -1549.346057
0.917068 -1536.270846 -1536.270846 -1536.270846 -1536.270846 -1536.270846 -1536.270846 -1536.270846
0.919451 -1523.206600 -1523.206600 -1523.206600 -1523.206600 -1523.206600 -1523.206600 -1523.206600
0.921833 -1510.153318 -1510.153318 -1510.153318 -1510.153318 -1510.153318 -1510.153318 -1510.153318
0.924214 -1497.111002 -1497.111002 -1497.111002 -1497.111002 -1497.111002 -1497.111002 -1497.111002
0.926595 -1484.079652 -1484.079652 -1484.079652 -1484.079652 -1484.079652 -1484.079652 -1484.079652
0.928976 -1471.059270 -1471.059270 -1471.059270 -1471.059270 -1471.059270 -1471.059270 -1471.059270
0.931356 -1458.049855 -1458.049855 -1458.049855 -1458.049855 -1458.049855 -1458.049855 -1458.049855
0.933735 -1445.051410 -1445.051410 -1445.051410 -1445.051410 -1445.051410 -1445.051410 -1445.051410
0.936114 -1432.063934 -1432.063934 -1432.063934 -1432.063934 -1432.063934 -1432.063934 -1432.063934
0.938493 -1419.087428 -1419.087428 -1419.087428 -1419.087428 -1419.087428 -1419.087428 -1419.087428
0.940871 -1406.121894 -1406.121894 -1406.121894 -1406.121894 -1406.121894 -1406.121894 -1406.121894
0.943249 -1393.167331 -1393.167331 -1393.167331 -1393.167331 -1393.167331 -1393.167331 -1393.167331
0.945626 -1380.223741 -1380.223741 -1380.223741 -1380.223741 -1380.223741 -1380.223741 -1380.223741
0.948003 -1367.291124 -1367.291124 -1367.291124 -1367.291124 -1367.291124 -1367.291124 -1367.291124
0.950379 -1354.369481 -1354.369481 -1354.369481 -1354.369481 -1354.369481 -1354.369481 -1354.369481
0.952755 -1341.458813 -1341.458813 -1341.458813 -1341.458813 -1341.458813 -1341.458813 -1341.458813
0.955130 -1328.559119 -1328.559119 -1328.559119 -1328.559119 -1328.559119 -1328.559119 -1328.559119
0.957505 -1315.670401 -1315.670401 -1315.670401 -1315.670401 -1315.670401 -1315.670401 -1315.670401
0.959879 -1302.792660 -1302.792660 -1302.792660 -1302.792660 -1302.792660 -1302.792660 -1302.792660
0.962253 -1289.925895 -1289.925895 -1289.925895 -1289.925895 -1289.925895 -1289.925895 -1289.925895
0.964626 -1277.070107 -1277.070107 -1277.070107 -1277.070107 -1277.070107 -1277.070107 -1277.070107
0.966999 -1264.225297 -1264.225297 -1264.225297 -1264.225297 -1264.225297 -1264.225297 -1264.225297
0.969371 -1251.391465 -1251.391465 -1251.391465 -1251.391465 -1251.391465 -1251.391465 -1251.391465
0.971743 -1238.568613 -1238.568613 -1238.568613 -1238.568613 -1238.568613 -1238.568613 -1238.568613
0.974115 -1225.756739 -1225.756739 -1225.756739 -1225.756739 -1225.756739 -1225.756739 -1225.756739
0.976486 -1212.955845 -1212.955845 -1212.955845 -1212.955845 -1212.955845 -1212.955845 -1212.955845
0.978856 -1200.165930 -1200.165930 -1200.165930 -1200.165930 -1200.165930 -1200.165930 -1200.165930
0.981226 -1187.386997 -1187.386997 -1187.386997 -1187.386997 -1187.386997 -1187.386997 -1187.386997
0.983595 -1174.619043 -1174.619043 -1174.619043 -1174.619043 -1174.619043 -1174.619043 -1174.619043
0.985964 -1161.862071 -1161.862071 -1161.862071 -1161.862071 -1161.862071 -1161.862071 -1161.862071
0.988333 -1149.116081 -1149.116081 -1149.116081 -1149.116081 -1149.116081 -1149.116081 -1149.116081
0.990701 -1136.381071 -1136.381071 -1136.381071 -1136.381071 -1136.381071 -1136.381071 -1136.381071
0.993068 -1123.657044 -1123.657044 -1123.657044 -1123.657044 -1123.657044 -1123.657044 -1123.657044
0.995435 -1110.943999 -1110.943999 -1110.943999 -1110.943999 -1110.943999 -1110.943999 -1110.943999
0.997802 -1098.241937 -1098.241937 -1098.241937 -1098.241937 -1098.241937 -1098.241937 -1098.241937
1.000168 -1085.550857 -1085.550857 -1085.550857 -1085.550857 -1085.550857 -1085.550857 -1085.550857
1.002533 -1072.870759 -1072.870759 -1072.870759 -1072.870759 -1072.870759 -1072.870759 -1072.870759
1.004898 -1060.201645 -1060.201645 -1060.201645 -1060.201645 -1060.201645 -1060.201645 -1060.201645
1.007263 -1047.543514 -1047.543514 -1047.543514 -1047.543514 -1047.543514 -1047.543514 -1047.543514
1.009627 -1034.896367 -1034.896367 -1034.896367 -1034.896367 -1034.896367 -1034.896367 -1034.896367
1.011990 -1022.260202 -1022.260202 -1022.260202 -1022.260202 -1022.260202 -1022.260202 -1022.260202
1.014353 -1009.635021 -1009.635021 -1009.635021 -1009.635021 -1009.635021 -1009.635021 -1009.635021
1.016716 -997.020824 -997.020824 -997.020824 -997.020824 -997.020824 -997.020824 -997.020824
1.019078 -984.417610 -984.417610 -984.417610 -984.417610 -984.417610 -984.417610 -984.417610
1.021439 -971.825380 -971.825380 -971.825380 -971.825380 -971.825380 -971.825380 -971.825380
1.023800 -959.244134 -959.244134 -959.244134 -959.244134 -959.244134 -959.244134 -959.244134
1.026160 -946.673871 -946.673871 -946.673871 -946.673871 -946.673871 -946.673871 -946.673871
1.028520 -934.114591 -934.114591 -934.114591 -934.114591 -934.114591 -934.114591 -934.114591
1.030880 -921.566296 -921.566296 -921.566296 -921.566296 -921.566296 -921.566296 -921.566296
1.033239 -909.028983 -909.028983 -909.028983 -909.028983 -909.028983 -909.028983 -909.028983
1.035597 -896.502654 -896.502654 -896.502654 -896.502654 -896.502654 -896.502654 -896.502654
1.037955 -883.987309 -883.987309 -883.987309 -883.987309 -883.987309 -883.987309 -883.987309
1.040312 -871.482946 -871.482946 -871.482946 -871.482946 -871.482946 -871.482946 -871.482946
1.042669 -858.989567 -858.989567 -858.989567 -858.989567 -858.989567 -858.989567 -858.989567
1.045025 -846.507170 -846.507170 -846.507170 -846.507170 -846.507170 -846.507170 -846.507170
1.047381 -834.035756 -834.035756 -834.035756 -834.035756 -834.035756 -834.035756 -834.035756
1.049736 -821.575324 -821.575324 -821.575324 -821.575324 -821.575324 -821.575324 -821.575324
1.052091 -809.125875 -809.125875 -809.125875 -809.125875 -809.125875 -809.125875 -809.125875
1.054445 -796.687407 -796.687407 -796.687407 -796.687407 -796.687407 -796.687407 -796.687407
1.056799 -784.259921 -784.259921 -784.259921 -784.259921 -784.259921 -784.259921 -784.259921
1.059152 -771.843417 -771.843417 -771.843417 -771.843417 -771.843417 -771.843417 -771.843417
1.061505 -759.437893 -759.437893 -759.437893 -759.437893 -759.437893 -759.437893 -759.437893
1.063857 -747.043351 -747.043351 -747.043351 -747.043351 -747.043351 -747.043351 -747.043351
1.066209 -734.659788 -734.659788 -734.659788 -734.659788 -734.659788 -734.659788 -734.659788
1.068560 -722.287206 -722.287206 -722.287206 -722.287206 -722.287206 -722.287206 -722.287206
1.070910 -709.925603 -709.925603 -709.925603 -709.925603 -709.925603 -709.925603 -709.925603
1.073260 -697.574979 -697.574979 -697.574979 -697.574979 -697.574979 -697.574979 -697.574979
1.075610 -685.235335 -685.235335 -685.235335 -685.235335 -685.235335 -685.235335 -685.235335
1.077959 -672.906668 -672.906668 -672.906668 -672.906668 -672.906668 -672.906668 -672.906668
1.080307 -660.588979 -660.588979 -660.588979 -660.588979 -660.588979 -660.588979 -660.588979
1.082655 -648.282268 -648.282268 -648.282268 -648.282268 -648.282268 -648.282268 -648.282268
1.085002 -635.986533 -635.986533 -635.986533 -635.986533 -635.986533 -635.986533 -635.986533
1.087349 -623.701775 -623.701775 -623.701775 -623.701775 -623.701775 -623.701775 -623.701775
1.089696 -611.427993 -611.427993 -611.427993 -611.427993 -611.427993 -611.427993 -611.427993
1.092041 -599.165186 -599.165186 -599.165186 -599.165186 -599.165186 -599.165186 -599.165186
1.094386 -586.913353 -586.913353 -586.913353 -586.913353 -586.913353 -586.913353 -586.913353
1.096731 -574.672495 -574.672495 -574.672495 -574.672495 -574.672495 -574.672495 -574.672495
1.099075 -562.442609 -562.442609 -562.442609 -562.442609 -562.442609 -562.442609 -562.442609
1.101419 -550.223697 -550.223697 -550.223697 -550.223697 -550.223697 -550.223697 -550.223697
1.103762 -538.015756 -538.015756 -538.015756 -538.015756 -538.015756 -538.015756 -538.015756
1.106104 -525.818787 -525.818787 -525.818787 -525.818787 -525.818787 -525.818787 -525.818787
1.108446 -513.632789 -513.632789 -513.632789 -513.632789 -513.632789 -513.632789 -513.632789
1.110788 -501.457761 -501.457761 -501.457761 -501.457761 -501.457761 -501.457761 -501.457761
1.113129 -489.293702 -489.293702 -489.293702 -489.293702 -489.293702 -489.293702 -489.293702
1.115469 -477.140611 -477.140611 -477.140611 -477.140611 -477.140611 -477.140611 -477.140611
1.117809 -464.998488 -464.998488 -464.998488 -464.998488 -464.998488 -464.998488 -464.998488
1.120148 -452.867332 -452.867332 -452.867332 -452.867332 -452.867332 -452.867332 -452.867332
1.122487 -440.747142 -440.747142 -440.747142 -440.747142 -440.747142 -440.747142 -440.747142
1.124825 -428.637917 -428.637917 -428.637917 -428.637917 -428.637917 -428.637917 -428.637917
1.127162 -416.539656 -416.539656 -416.539656 -416.539656 -416.539656 -416.539656 -416.539656
1.129499 -404.452359 -404.452359 -404.452359 -404.452359 -404.452359 -404.452359 -404.452359
1.131836 -392.376024 -392.376024 -392.376024 -392.376024 -392.376024 -392.376024 -392.376024
1.134172 -380.310652 -380.310652 -380.310652 -380.310652 -380.310652 -380.310652 -380.310652
1.136507 -368.256239 -368.256239 -368.256239 -368.256239 -368.256239 -368.256239 -368.256239
1.138842 -356.212787 -356.212787 -356.212787 -356.212787 -356.212787 -356.212787 -356.212787
1.141176 -344.180293 -344.180293 -344.180293 -344.180293 -344.180293 -344.180293 -344.180293
1.143510 -332.158758 -332.158758 -332.158758 -332.158758 -332.158758 -332.158758 -332.158758
1.145843 -320.148179 -320.148179 -320.148179 -320.148179 -320.148179 -320.148179 -320.148179
1.148176 -308.148556 -308.148556 -308.148556 -308.148556 -308.148556 -308.148556 -308.148556
1.150508 -296.159887 -296.159887 -296.159887 -296.159887 -296.159887 -296.159887 -296.159887
1.152839 -284.182172 -284.182172 -284.182172 -284.182172 -284.182172 -284.182172 -284.182172
1.155170 -272.215410 -272.215410 -272.215410 -272.215410 -272.215410 -272.215410 -272.215410
1.157500 -260.259599 -260.259599 -260.259599 -260.259599 -260.259599 -260.259599 -260.259599
1.159830 -248.314738 -248.314738 -248.314738 -248.314738 -248.314738 -248.314738 -248.314738
1.162159 -236.380827 -236.380827 -236.380827 -236.380827 -236.380827 -236.380827 -236.380827
1.164488 -224.457864 -224.457864 -224.457864 -224.457864 -224.457864 -224.457864 -224.457864
1.166816 -212.545847 -212.545847 -212.545847 -212.545847 -212.545847 -212.545847 -212.545847
1.169143 -200.644776 -200.644776 -200.644776 -200.644776 -200.644776 -200.644776 -200.644776
1.171470 -188.754650 -188.754650 -188.754650 -188.754650 -188.754650 -188.754650 -188.754650
1.173797 -176.875467 -176.875467 -176.875467 -176.875467 -176.875467 -176.875467 -176.875467
1.176122 -165.007225 -165.007225 -165.007225 -165.007225 -165.007225 -165.007225 -165.007225
1.178448 -153.149924 -153.149924 -153.149924 -153.149924 -153.149924 -153.149924 -153.149924
1.180772 -141.303563 -141.303563 -141.303563 -141.303563 -141.303563 -141.303563 -141.303563
1.183096 -129.468140 -129.468140 -129.468140 -129.468140 -129.468140 -129.468140 -129.468140
1.185420 -117.643653 -117.643653 -117.643653 -117.643653 -117.643653 -117.643653 -117.643653
1.187743 -105.830102 -105.830102 -105.830102 -105.830102 -105.830102 -105.830102 -105.830102
1.190065 -94.027485 -94.027485 -94.027485 -94.027485 -94.027485 -94.027485 -94.027485
1.192387 -82.235800 -82.235800 -82.235800 -82.235800 -82.235800 -82.235800 -82.235800
1.194708 -70.455047 -70.455047 -70.455047 -70.455047 -70.455047 -70.455047 -70.455047
1.197029 -58.685223 -58.685223 -58.685223 -58.685223 -58.685223 -58.685223 -58.685223
1.199349 -46.926327 -46.926327 -46.926327 -46.926327 -46.926327 -46.926327 -46.926327
1.201668 -35.178359 -35.178359 -35.178359 -35.178359 -35.178359 -35.178359 -35.178359
1.203987 -23.441316 -23.441316 -23.441316 -23.441316 -23.441316 -23.441316 -23.441316
1.206305 -11.715197 -11.715197 -11.715197 -11.715197 -11.715197 -11.715197 -11.715197
1.208623 0.000000 0.000000 0.000000 0.000000 0.000000 0.000000 0.000000
